["in","LEFT"]
["out_1","RIGHT"]
["out_2","RIGHT"]
("in","mode 1",1,"in",1,"transmission")
(102, 3)
1.8737028625000000e+14 6.3180845500922428e-02 -8.8046776642961677e-01
1.8749646152693603e+14 6.2977362357896555e-02 -8.2205499286057204e-01
1.8762263680387206e+14 6.2786201773474160e-02 -7.6388515342812990e-01
1.8774881208080809e+14 6.2610109678139736e-02 -7.0595882070427973e-01
1.8787498735774409e+14 6.2451605179381260e-02 -6.4826759126321309e-01
1.8800116263468012e+14 6.2312883873380583e-02 -5.9079439895465158e-01
1.8812733791161616e+14 6.2195726679808536e-02 -5.3351421398574361e-01
1.8825351318855219e+14 6.2101418772598463e-02 -4.7639511810753371e-01
1.8837968846548822e+14 6.2030682962625101e-02 -4.1939972119868774e-01
1.8850586374242425e+14 6.1983631375639156e-02 -3.6248686002125158e-01
1.8863203901936028e+14 6.1959738475317709e-02 -3.0561349850237662e-01
1.8875821429629628e+14 6.1957837452593298e-02 -2.4873673304397495e-01
1.8888438957323231e+14 6.1976140812142359e-02 -1.9181579799595061e-01
1.8901056485016834e+14 6.2012284727882880e-02 -1.3481396653893971e-01
1.8913674012710438e+14 6.2063395512190055e-02 -7.7700250705379212e-02
1.8926291540404041e+14 6.2126175442806075e-02 -2.0450819927406570e-02
1.8938909068097644e+14 6.2197004293922227e-02 3.6949921701562985e-02
1.8951526595791247e+14 6.2272052274011912e-02 9.4508635850663700e-02
1.8964144123484847e+14 6.2347399703498181e-02 1.5222274098548547e-01
1.8976761651178450e+14 6.2419158662956803e-02 2.1008048560835882e-01
1.8989379178872053e+14 6.2483591977576101e-02 2.6806137769914778e-01
1.9001996706565656e+14 6.2537225232341606e-02 3.2613693129900062e-01
1.9014614234259259e+14 6.2576947985356665e-02 3.8427168278030599e-01
1.9027231761952862e+14 6.2600100916269788e-02 4.4242442510191587e-01
1.9039849289646466e+14 6.2604546272705675e-02 5.0054960738051069e-01
1.9052466817340066e+14 6.2588719629595752e-02 5.5859884834887530e-01
1.9065084345033669e+14 6.2551661634921291e-02 6.1652251467406161e-01
1.9077701872727272e+14 6.2493029070378341e-02 6.7427131778319427e-01
1.9090319400420875e+14 6.2413085203450173e-02 7.3179788517164879e-01
1.9102936928114478e+14 6.2312670048150498e-02 7.8905826382918975e-01
1.9115554455808081e+14 6.2193151785278809e-02 8.4601331443156214e-01
1.9128171983501684e+14 6.2056361215871408e-02 9.0262995561155668e-01
1.9140789511195284e+14 6.1904511724263901e-02 9.5888221850362376e-01
1.9153407038888888e+14 6.1740107792658150e-02 1.0147520735641058e+00
1.9166024566582491e+14 6.1565845611794040e-02 1.0702299951771426e+00
1.9178642094276094e+14 6.1384509739482021e-02 1.1253152354627782e+00
1.9191259621969697e+14 6.1198870032488729e-02 1.1800157874890926e+00
1.9203877149663300e+14 6.1011583179174635e-02 1.2343480298897267e+00
1.9216494677356903e+14 6.0825103056666337e-02 1.2883360593831623e+00
1.9229112205050503e+14 6.0641603804320474e-02 1.3420107340712750e+00
1.9241729732744106e+14 6.0462918938957243e-02 1.3954084673932592e+00
1.9254347260437709e+14 6.0290499051702126e-02 1.4485698286337692e+00
1.9266964788131312e+14 6.0125389659624377e-02 1.5015380192183432e+00
1.9279582315824916e+14 5.9968229696545021e-02 1.5543573031049343e+00
1.9292199843518519e+14 5.9819269992335208e-02 1.6070714732261784e+00
1.9304817371212122e+14 5.9678409991762986e-02 1.6597224335787713e+00
1.9317434898905725e+14 5.9545249984835770e-02 1.7123489683259789e+00
1.9330052426599325e+14 5.9419155331163265e-02 1.7649857559784716e+00
1.9342669954292928e+14 5.9299328613468517e-02 1.8176626696860256e+00
1.9355287481986531e+14 5.9184885378335154e-02 1.8704043855582455e+00
1.9359660086208747e+14 5.9146316474169860e-02 1.8887008418344735e+00
1.9363532405457916e+14 5.9112580690027450e-02 1.9049129500220219e+00
1.9367905009680134e+14 5.9074929119777894e-02 1.9232303014403966e+00
1.9380522537373738e+14 5.8968621415082530e-02 1.9761547502358732e+00
1.9393140065067341e+14 5.8865243597030693e-02 2.0291874758857591e+00
1.9405757592760944e+14 5.8764246995462920e-02 2.0823343272752668e+00
1.9418375120454544e+14 5.8665289552166530e-02 2.1355981160183295e+00
1.9430992648148147e+14 5.8568257454504891e-02 2.1889795783207595e+00
1.9443610175841750e+14 5.8473271296631567e-02 2.2424783787667804e+00
1.9456227703535353e+14 5.8380677119741362e-02 2.2960940946155928e+00
1.9468845231228956e+14 5.8291023467759308e-02 2.3498271227153742e+00
1.9481462758922559e+14 5.8205026290746073e-02 2.4036794571367448e+00
1.9494080286616162e+14 5.8123524108746633e-02 2.4576552938312655e+00
1.9506697814309762e+14 5.8047426291571745e-02 2.5117614287553822e+00
1.9519315342003366e+14 5.7977657597231197e-02 2.5660074276599909e+00
1.9531932869696969e+14 5.7915102230714749e-02 2.6204055586975894e+00
1.9544550397390572e+14 5.7860550629193978e-02 2.6749704925940780e+00
1.9557167925084175e+14 5.7814651951449546e-02 2.7297187886431091e+00
1.9569785452777778e+14 5.7777874859850760e-02 2.7846681973861473e+00
1.9582402980471381e+14 5.7750478654659258e-02 2.8398368216511796e+00
1.9595020508164981e+14 5.7732496184920989e-02 2.8952421858168829e+00
1.9607638035858584e+14 5.7723729258312921e-02 2.9509002680913516e+00
1.9620255563552188e+14 5.7723756550075361e-02 3.0068245518563304e+00
1.9632873091245791e+14 5.7731953315745432e-02 3.0630251496857981e+00
1.9645490618939394e+14 5.7747521588048203e-02 3.1195080478019266e+00
1.9658108146632997e+14 5.7769529021774464e-02 3.1762745101004546e+00
1.9670725674326600e+14 5.7796954168228339e-02 3.2333206703008841e+00
1.9683343202020200e+14 5.7828735727065109e-02 3.2906373292055004e+00
1.9695960729713803e+14 5.7863823239952997e-02 3.3482099624206598e+00
1.9708578257407406e+14 5.7901226748284365e-02 3.4060189330151176e+00
1.9721195785101009e+14 5.7940063118470483e-02 3.4640398940888173e+00
1.9733813312794612e+14 5.7979597019773302e-02 3.5222443584833174e+00
1.9746430840488216e+14 5.8019274895274836e-02 3.5806004070573678e+00
1.9759048368181819e+14 5.8058750670734710e-02 3.6390735030512449e+00
1.9771665895875419e+14 5.8097902374907327e-02 3.6976273779239635e+00
1.9784283423569022e+14 5.8136839278002471e-02 3.7562249534474641e+00
1.9796900951262625e+14 5.8175899575285170e-02 3.8148292655387155e+00
1.9809518478956228e+14 5.8215639036956944e-02 3.8734043571040604e+00
1.9822136006649831e+14 5.8256811402165126e-02 3.9319161098881987e+00
1.9834753534343434e+14 5.8300341605437934e-02 3.9903329888661361e+00
1.9847371062037038e+14 5.8347293179613381e-02 4.0486266770175066e+00
1.9859988589730638e+14 5.8398831373083389e-02 4.1067725833331803e+00
1.9872606117424241e+14 5.8456183643560700e-02 4.1647502125565774e+00
1.9885223645117844e+14 5.8520599239317683e-02 4.2225433913391370e+00
1.9897841172811447e+14 5.8593309546958947e-02 4.2801403520055707e+00
1.9910458700505050e+14 5.8675490770002087e-02 4.3375336816972192e+00
1.9923076228198653e+14 5.8768230306203269e-02 4.3947201509374869e+00
1.9935693755892256e+14 5.8872497920007781e-02 4.4517004412186694e+00
1.9948311283585856e+14 5.8989122471326483e-02 4.5084787956102179e+00
1.9960928811279459e+14 5.9118774580613528e-02 4.5650626192293497e+00
1.9973546338973062e+14 5.9261955205306985e-02 4.6214620573810414e+00
1.9986163866666666e+14 5.9418989700651625e-02 4.6776895780903445e+00
("in","mode 1",1,"out_1",1,"transmission")
(102, 3)
1.8737028625000000e+14 6.5651450785428545e-01 -2.0441601202887574e+00
1.8749646152693603e+14 6.5649708168405985e-01 -1.8477764877367817e+00
1.8762263680387206e+14 6.5647754423451388e-01 -1.6514030369502388e+00
1.8774881208080809e+14 6.5645630976448266e-01 -1.4550394613845326e+00
1.8787498735774409e+14 6.5643372797777055e-01 -1.2586854860074450e+00
1.8800116263468012e+14 6.5641009739016287e-01 -1.0623409071303360e+00
1.8812733791161616e+14 6.5638568384998575e-01 -8.6600561022218758e-01
1.8825351318855219e+14 6.5636073739151379e-01 -6.6967956660438999e-01
1.8837968846548822e+14 6.5633550193761825e-01 -4.7336281418486253e-01
1.8850586374242425e+14 6.5631021466603989e-01 -2.7705543022288814e-01
1.8863203901936028e+14 6.5628509460990547e-01 -8.0757505107746375e-02
1.8875821429629628e+14 6.5626032272780443e-01 1.1553087477627495e-01
1.8888438957323231e+14 6.5623601774864448e-01 3.1180962954548819e-01
1.8901056485016834e+14 6.5621221320576173e-01 5.0807867168997800e-01
1.8913674012710438e+14 6.5618884104737008e-01 7.0433787723082542e-01
1.8926291540404041e+14 6.5616572608748269e-01 9.0058704751729857e-01
1.8938909068097644e+14 6.5614259358200611e-01 1.0968258693808042e+00
1.8951526595791247e+14 6.5611908976821487e-01 1.2930538821988826e+00
1.8964144123484847e+14 6.5609481275833448e-01 1.4892704595960251e+00
1.8976761651178450e+14 6.5606934918712045e-01 1.6854748111742259e+00
1.8989379178872053e+14 6.5604231084800091e-01 1.8816660062665971e+00
1.9001996706565656e+14 6.5601336542875843e-01 2.0778430178650713e+00
1.9014614234259259e+14 6.5598225640119290e-01 2.2740047812902677e+00
1.9027231761952862e+14 6.5594880896354990e-01 2.4701502595007980e+00
1.9039849289646466e+14 6.5591292135001433e-01 2.6662785056719884e+00
1.9052466817340066e+14 6.5587454337635454e-01 2.8623887140434654e+00
1.9065084345033669e+14 6.5583364632665753e-01 3.0584802519919956e+00
1.9077701872727272e+14 6.5579018979996229e-01 3.2545526694834486e+00
1.9090319400420875e+14 6.5574409165231584e-01 3.4506056859460781e+00
1.9102936928114478e+14 6.5569520658838576e-01 3.6466391584862814e+00
1.9115554455808081e+14 6.5564331737219761e-01 3.8426530385601967e+00
1.9128171983501684e+14 6.5558814031022894e-01 4.0386473261320788e+00
1.9140789511195284e+14 6.5552934401815499e-01 4.2346220306423774e+00
1.9153407038888888e+14 6.5546657798296160e-01 4.4305771467005517e+00
1.9166024566582491e+14 6.5539950552714410e-01 4.6265126495243649e+00
1.9178642094276094e+14 6.5532783482707546e-01 4.8224285112744658e+00
1.9191259621969697e+14 6.5525134182973488e-01 5.0183247352394966e+00
1.9203877149663300e+14 6.5516988024853162e-01 5.2142014010789577e+00
1.9216494677356903e+14 6.5508337609578571e-01 5.4100587117076184e+00
1.9229112205050503e+14 6.5499180704815640e-01 5.6058970314286141e+00
1.9241729732744106e+14 6.5489516985320895e-01 5.8017169058337243e+00
1.9254347260437709e+14 6.5479344145007201e-01 5.9975190566975156e+00
1.9266964788131312e+14 6.5468654103570911e-01 6.1933043492081152e+00
1.9279582315824916e+14 6.5457430064038813e-01 6.3890737337226922e+00
1.9292199843518519e+14 6.5445645076318204e-01 6.5848281690069967e+00
1.9304817371212122e+14 6.5433262536834114e-01 6.7805685377610017e+00
1.9317434898905725e+14 6.5420238738260938e-01 6.9762955674338754e+00
1.9330052426599325e+14 6.5406527225879718e-01 7.1720097694148643e+00
1.9342669954292928e+14 6.5392084377626658e-01 7.3677114075091499e+00
1.9355287481986531e+14 6.5376875362812314e-01 7.5634005024112057e+00
1.9359660086208747e+14 6.5371421630456883e-01 7.6312136033079021e+00
1.9363532405457916e+14 6.5366512533654608e-01 7.6912666852251101e+00
1.9367905009680134e+14 6.5360879499479718e-01 7.7590768732632416e+00
1.9380522537373738e+14 6.5344094053396506e-01 7.9547402111952596e+00
1.9393140065067341e+14 6.5326535708958622e-01 8.1503901739979163e+00
1.9405757592760944e+14 6.5308239272783519e-01 8.3460264867696647e+00
1.9418375120454544e+14 6.5289253598381414e-01 8.5416490313195830e+00
1.9430992648148147e+14 6.5269635180136210e-01 8.7372579077750654e+00
1.9443610175841750e+14 6.5249440283127169e-01 8.9328534553082477e+00
1.9456227703535353e+14 6.5228716781126839e-01 9.1284362247665829e+00
1.9468845231228956e+14 6.5207497011654303e-01 9.3240069034702966e+00
1.9481462758922559e+14 6.5185792891762462e-01 9.5195662004230321e+00
1.9494080286616162e+14 6.5163594268711933e-01 9.7151147074268920e+00
1.9506697814309762e+14 6.5140871035416170e-01 9.9106527568972211e+00
1.9519315342003366e+14 6.5117578979901047e-01 1.0106180299572078e+01
1.9531932869696969e+14 6.5093668741048782e-01 1.0301696824223372e+01
1.9544550397390572e+14 6.5069096700194007e-01 1.0497201336842334e+01
1.9557167925084175e+14 6.5043836237834451e-01 1.0692692409052595e+01
1.9569785452777778e+14 6.5017887598624380e-01 1.0888168295695422e+01
1.9582402980471381e+14 6.4991284679284134e-01 1.1083627110989054e+01
1.9595020508164981e+14 6.4964097389245157e-01 1.1279067042963874e+01
1.9607638035858584e+14 6.4936428798327683e-01 1.1474486578551460e+01
1.9620255563552188e+14 6.4908407007693014e-01 1.1669884708011388e+01
1.9632873091245791e+14 6.4880172459662355e-01 1.1865261078104609e+01
1.9645490618939394e+14 6.4851862125089244e-01 1.2060616068699892e+01
1.9658108146632997e+14 6.4823592563363386e-01 1.2255950776817729e+01
1.9670725674326600e+14 6.4795444149596060e-01 1.2451266904311618e+01
1.9683343202020200e+14 6.4767448749661694e-01 1.2646566558844089e+01
1.9695960729713803e+14 6.4739582783221894e-01 1.2841851990657196e+01
1.9708578257407406e+14 6.4711766979775887e-01 1.3037125297986204e+01
1.9721195785101009e+14 6.4683873278178738e-01 1.3232388140230883e+01
1.9733813312794612e+14 6.4655738354841052e-01 1.3427641499064489e+01
1.9746430840488216e+14 6.4627182319854437e-01 1.3622885523116793e+01
1.9759048368181819e+14 6.4598030327991496e-01 1.3818119482047162e+01
1.9771665895875419e+14 6.4568134333448546e-01 1.4013341841847629e+01
1.9784283423569022e+14 6.4537392062061905e-01 1.4208550456854550e+01
1.9796900951262625e+14 6.4505760524075173e-01 1.4403742857400243e+01
1.9809518478956228e+14 6.4473262029043787e-01 1.4598916597673325e+01
1.9822136006649831e+14 6.4439981618735809e-01 1.4794069618312706e+01
1.9834753534343434e+14 6.4406055980264576e-01 1.4989200574171949e+01
1.9847371062037038e+14 6.4371655083465218e-01 1.5184309080364155e+01
1.9859988589730638e+14 6.4336958836770108e-01 1.5379395839011215e+01
1.9872606117424241e+14 6.4302131822693387e-01 1.5574462623993808e+01
1.9885223645117844e+14 6.4267299543026846e-01 1.5769512119531473e+01
1.9897841172811447e+14 6.4232529514142400e-01 1.5964547628185166e+01
1.9910458700505050e+14 6.4197820005232897e-01 1.6159572682193819e+01
1.9923076228198653e+14 6.4163098268433871e-01 1.6354590606420516e+01
1.9935693755892256e+14 6.4128228884435357e-01 1.6549604089520720e+01
1.9948311283585856e+14 6.4093031494387775e-01 1.6744614820941447e+01
1.9960928811279459e+14 6.4057305884643978e-01 1.6939623244613422e+01
1.9973546338973062e+14 6.4020861311866717e-01 1.7134628466328628e+01
1.9986163866666666e+14 6.3983546257850665e-01 1.7329628332400958e+01
("in","mode 1",1,"out_2",1,"transmission")
(102, 3)
1.8737028625000000e+14 6.5654539909063070e-01 -2.0437374893633398e+00
1.8749646152693603e+14 6.5652704349455526e-01 -1.8473575326292158e+00
1.8762263680387206e+14 6.5650672025564072e-01 -1.6509880233583789e+00
1.8774881208080809e+14 6.5648486343007562e-01 -1.4546286008488727e+00
1.8787498735774409e+14 6.5646183629225219e-01 -1.2582789319539638e+00
1.8800116263468012e+14 6.5643794443654579e-01 -1.0619387525487065e+00
1.8812733791161616e+14 6.5641345421486130e-01 -8.6560788701176461e-01
1.8825351318855219e+14 6.5638860968944601e-01 -6.6928624657507807e-01
1.8837968846548822e+14 6.5636364261278635e-01 -4.7297381165447644e-01
1.8850586374242425e+14 6.5633877223929948e-01 -2.7667060610831790e-01
1.8863203901936028e+14 6.5631419452473039e-01 -8.0376672365711915e-02
1.8875821429629628e+14 6.5629006292912218e-01 1.1590794454017393e-01
1.8888438957323231e+14 6.5626646510504028e-01 3.1218319851180765e-01
1.8901056485016834e+14 6.5624340085884025e-01 5.0844902754066212e-01
1.8913674012710438e+14 6.5622076674336083e-01 7.0470532439620215e-01
1.8926291540404041e+14 6.5619835151667372e-01 9.0095189821317923e-01
1.8938909068097644e+14 6.5617584472250512e-01 1.0971884346922069e+00
1.8951526595791247e+14 6.5615285820293856e-01 1.2934144634571956e+00
1.8964144123484847e+14 6.5612895790885573e-01 1.4896293402799214e+00
1.8976761651178450e+14 6.5610370138571084e-01 1.6858322495427500e+00
1.8989379178872053e+14 6.5607667515018964e-01 1.8820222289070527e+00
1.9001996706565656e+14 6.5604752605309935e-01 2.0781982143100417e+00
1.9014614234259259e+14 6.5601598167057551e-01 2.2743590998284007e+00
1.9027231761952862e+14 6.5598185661304742e-01 2.4705038042756295e+00
1.9039849289646466e+14 6.5594504405965759e-01 2.6666313351323412e+00
1.9052466817340066e+14 6.5590549438309831e-01 2.8627408407777994e+00
1.9065084345033669e+14 6.5586318496803231e-01 3.0588316439472520e+00
1.9077701872727272e+14 6.5581808684251952e-01 3.2549032525360775e+00
1.9090319400420875e+14 6.5577013426123665e-01 3.4509553477589665e+00
1.9102936928114478e+14 6.5571920280090812e-01 3.6469877535503730e+00
1.9115554455808081e+14 6.5566509994738675e-01 3.8430003942844606e+00
1.9128171983501684e+14 6.5560756984156410e-01 4.0389932498112318e+00
1.9140789511195284e+14 6.5554631121381080e-01 4.2349663171001133e+00
1.9153407038888888e+14 6.5548100504165707e-01 4.4309195863788471e+00
1.9166024566582491e+14 6.5541134656469080e-01 4.6268530367688294e+00
1.9178642094276094e+14 6.5533707533952501e-01 4.8227666525535255e+00
1.9191259621969697e+14 6.5525799721201350e-01 5.0186604570329516e+00
1.9203877149663300e+14 6.5517399342104621e-01 5.2145345571800803e+00
1.9216494677356903e+14 6.5508501432368005e-01 5.4103891897023813e+00
1.9229112205050503e+14 6.5499105806681723e-01 5.6062247581452631e+00
1.9241729732744106e+14 6.5489213743744723e-01 5.8020418515940060e+00
1.9254347260437709e+14 6.5478824058183049e-01 5.9978412382452646e+00
1.9266964788131312e+14 6.5467929283543436e-01 6.1936238312388774e+00
1.9279582315824916e+14 6.5456512723023763e-01 6.3893906289867921e+00
1.9292199843518519e+14 6.5444547022660260e-01 6.5851426370054043e+00
1.9304817371212122e+14 6.5431994696127005e-01 6.7808807820962427e+00
1.9317434898905725e+14 6.5418810713797593e-01 6.9766058319156912e+00
1.9330052426599325e+14 6.5404946910959827e-01 7.1723183330516465e+00
1.9342669954292928e+14 6.5390357630449725e-01 7.3680185785413777e+00
1.9355287481986531e+14 6.5375005752828141e-01 7.5637066115629485e+00
1.9359660086208747e+14 6.5369502898107423e-01 7.6315194246222458e+00
1.9363532405457916e+14 6.5364550325705439e-01 7.6915722867092926e+00
1.9367905009680134e+14 6.5358868132204373e-01 7.7593822664032510e+00
1.9380522537373738e+14 6.5341939478843136e-01 7.9550452416114865e+00
1.9393140065067341e+14 6.5324233916942887e-01 8.1506951944991766e+00
1.9405757592760944e+14 6.5305783776398907e-01 8.3463318418362640e+00
1.9418375120454544e+14 6.5286635604821708e-01 8.5419550495304861e+00
1.9430992648148147e+14 6.5266843845736677e-01 8.7375648947419471e+00
1.9443610175841750e+14 6.5246463046968795e-01 8.9331616873446631e+00
1.9456227703535353e+14 6.5225539768829977e-01 9.1287459435120564e+00
1.9468845231228956e+14 6.5204105498156151e-01 9.3243183116719184e+00
1.9481462758922559e+14 6.5182171809055733e-01 9.5198794590501379e+00
1.9494080286616162e+14 6.5159728741910627e-01 9.7154299342562194e+00
1.9506697814309762e+14 6.5136746928324918e-01 9.9109700266570755e+00
1.9519315342003366e+14 6.5113183429740229e-01 1.0106499645675441e+01
1.9531932869696969e+14 6.5088990661357915e-01 1.0302018242054315e+01
1.9544550397390572e+14 6.5064127231386881e-01 1.0497524788491031e+01
1.9557167925084175e+14 6.5038569126523949e-01 1.0693017829326218e+01
1.9569785452777778e+14 6.5012319489673986e-01 1.0888495599170156e+01
1.9582402980471381e+14 6.4985415308458006e-01 1.1083956199817372e+01
1.9595020508164981e+14 6.4957929669069070e-01 1.1279397815115191e+01
1.9607638035858584e+14 6.4929968794982973e-01 1.1474818936146402e+01
1.9620255563552188e+14 6.4901663812022503e-01 1.1670218565411721e+01
1.9632873091245791e+14 6.4873157960234906e-01 1.1865596369441702e+01
1.9645490618939394e+14 6.4844590695356907e-01 1.2060952754562425e+01
1.9658108146632997e+14 6.4816080677970944e-01 1.2256288849870272e+01
1.9670725674326600e+14 6.4787709946713001e-01 1.2451606393674743e+01
1.9683343202020200e+14 6.4759511556815452e-01 1.2646907533128781e+01
1.9695960729713803e+14 6.4731462623660063e-01 1.2842194559606067e+01
1.9708578257407406e+14 6.4703484075134865e-01 1.3037469612727344e+01
1.9721195785101009e+14 6.4675447561506505e-01 1.3232734392193906e+01
1.9733813312794612e+14 6.4647189006136552e-01 1.3427989917641234e+01
1.9746430840488216e+14 6.4618527334534159e-01 1.3623236372171091e+01
1.9759048368181819e+14 6.4589286127277523e-01 1.3818473055391085e+01
1.9771665895875419e+14 6.4559315424689678e-01 1.4013698457808340e+01
1.9784283423569022e+14 6.4528510756431701e-01 1.4208910452059833e+01
1.9796900951262625e+14 6.4496826718813516e-01 1.4404106579915535e+01
1.9809518478956228e+14 6.4464283061218863e-01 1.4599284399631573e+01
1.9822136006649831e+14 6.4430962197151898e-01 1.4794441848192363e+01
1.9834753534343434e+14 6.4396998201379074e-01 1.4989577568898273e+01
1.9847371062037038e+14 6.4362558535793502e-01 1.5184691157433210e+01
1.9859988589730638e+14 6.4327820796119106e-01 1.5379783288861722e+01
1.9872606117424241e+14 6.4292947537631906e-01 1.5574855702875100e+01
1.9885223645117844e+14 6.4258062606347954e-01 1.5769911043131540e+01
1.9897841172811447e+14 6.4223232311875689e-01 1.5964952566286509e+01
1.9910458700505050e+14 6.4188454230295344e-01 1.6159983754612526e+01
1.9923076228198653e+14 6.4153655481624194e-01 1.6355007880452995e+01
1.9935693755892256e+14 6.4118701101572462e-01 1.6550027579072005e+01
1.9948311283585856e+14 6.4083411775404764e-01 1.6745044487440172e+01
1.9960928811279459e+14 6.4047588898766339e-01 1.6940058999734919e+01
1.9973546338973062e+14 6.4011043852954852e-01 1.7135070176454626e+01
1.9986163866666666e+14 6.3973627685764611e-01 1.7330075824649324e+01
("out_1","mode 1",1,"in",1,"transmission")
(102, 3)
1.8737028625000000e+14 6.5716720622261848e-01 -2.0440106628000931e+00
1.8749646152693603e+14 6.5716852345285071e-01 -1.8476062961455890e+00
1.8762263680387206e+14 6.5716700990257348e-01 -1.6512115793206854e+00
1.8774881208080809e+14 6.5716270337541516e-01 -1.4548265888408383e+00
1.8787498735774409e+14 6.5715566914532164e-01 -1.2584514623345098e+00
1.8800116263468012e+14 6.5714599965642495e-01 -1.0620863939554606e+00
1.8812733791161616e+14 6.5713381303257745e-01 -8.6573162785921332e-01
1.8825351318855219e+14 6.5711925028058737e-01 -6.6938745026039559e-01
1.8837968846548822e+14 6.5710247116424181e-01 -4.7305418064814414e-01
1.8850586374242425e+14 6.5708364882423553e-01 -2.7673216275651857e-01
1.8863203901936028e+14 6.5706296331422553e-01 -8.0421755865617311e-02
1.8875821429629628e+14 6.5704059430950490e-01 1.1587667305379885e-01
1.8888438957323231e+14 6.5701671331463640e-01 3.1216275593289683e-01
1.8901056485016834e+14 6.5699147574594585e-01 5.0843612863790955e-01
1.8913674012710438e+14 6.5696501328922119e-01 7.0469643428790019e-01
1.8926291540404041e+14 6.5693742693113233e-01 9.0094332484798667e-01
1.8938909068097644e+14 6.5690878103430428e-01 1.0971764611334349e+00
1.8951526595791247e+14 6.5687909877257933e-01 1.2933955114890048e+00
1.8964144123484847e+14 6.5684835916838680e-01 1.4896001495171751e+00
1.8976761651178450e+14 6.5681649588325897e-01 1.6857900513032194e+00
1.8989379178872053e+14 6.5678339781140427e-01 1.8819648926255388e+00
1.9001996706565656e+14 6.5674891142219660e-01 2.0781243466410273e+00
1.9014614234259259e+14 6.5671284469682167e-01 2.2742680824973514e+00
1.9027231761952862e+14 6.5667497241459627e-01 2.4703957652492061e+00
1.9039849289646466e+14 6.5663504247120552e-01 2.6665070573519949e+00
1.9052466817340066e+14 6.5659278285938638e-01 2.8626016218774404e+00
1.9065084345033669e+14 6.5654790891588410e-01 3.0586791274566392e+00
1.9077701872727272e+14 6.5650013043796529e-01 3.2547392548084959e+00
1.9090319400420875e+14 6.5644915829897399e-01 3.4507817045777189e+00
1.9102936928114478e+14 6.5639471024226081e-01 3.6468062060829940e+00
1.9115554455808081e+14 6.5633651560368655e-01 3.8428125264856239e+00
1.9128171983501684e+14 6.5627431879838372e-01 4.0388004798264063e+00
1.9140789511195284e+14 6.5620788150244413e-01 4.2347699353556205e+00
1.9153407038888888e+14 6.5613698355697547e-01 4.4307208246008667e+00
1.9166024566582491e+14 6.5606142271410572e-01 4.6266531466695859e+00
1.9178642094276094e+14 6.5598101342512694e-01 4.8225669713789951e+00
1.9191259621969697e+14 6.5589558493467315e-01 5.0184624399224527e+00
1.9203877149663300e+14 6.5580497898678125e-01 5.2143397629264188e+00
1.9216494677356903e+14 6.5570904746661529e-01 5.4101992159028240e+00
1.9229112205050503e+14 6.5560765029379897e-01 5.6060411322550463e+00
1.9241729732744106e+14 6.5550065385132361e-01 5.8018658941418915e+00
1.9254347260437709e+14 6.5538793017945474e-01 5.9976739216247559e+00
1.9266964788131312e+14 6.5526935709228018e-01 6.1934656606237430e+00
1.9279582315824916e+14 6.5514481928974089e-01 6.3892415702666714e+00
1.9292199843518519e+14 6.5501421044762198e-01 6.5850021102426819e+00
1.9304817371212122e+14 6.5487743617785721e-01 6.7807477287542781e+00
1.9317434898905725e+14 6.5473441766918350e-01 6.9764788516083529e+00
1.9330052426599325e+14 6.5458509574896084e-01 7.1721958729009261e+00
1.9342669954292928e+14 6.5442943505692353e-01 7.3678991476338114e+00
1.9355287481986531e+14 6.5426742799383386e-01 7.5635889864677850e+00
1.9359660086208747e+14 6.5420980700171583e-01 7.6314022146953580e+00
1.9363532405457916e+14 6.5415814589822230e-01 7.6914553810657065e+00
1.9367905009680134e+14 6.5409909810522582e-01 7.7592656526744603e+00
1.9380522537373738e+14 6.5392450258272339e-01 7.9549293612059095e+00
1.9393140065067341e+14 6.5374373361160820e-01 8.1505802796697431e+00
1.9405757592760944e+14 6.5355691836010577e-01 8.3462185308851069e+00
1.9418375120454544e+14 6.5336421748873930e-01 8.5418441966132850e+00
1.9430992648148147e+14 6.5316582215121000e-01 8.7374573220045555e+00
1.9443610175841750e+14 6.5296194955484510e-01 8.9330579202893929e+00
1.9456227703535353e+14 6.5275283724257249e-01 9.1286459772658812e+00
1.9468845231228956e+14 6.5253873634184945e-01 9.3242214551919123e+00
1.9481462758922559e+14 6.5231990409452678e-01 9.5197842957777450e+00
1.9494080286616162e+14 6.5209659602926295e-01 9.7153344220843252e+00
1.9506697814309762e+14 6.5186905816242213e-01 9.9108717392550485e+00
1.9519315342003366e+14 6.5163751961224536e-01 1.0106396134138087e+01
1.9531932869696969e+14 6.5140218598512123e-01 1.0301907473974916e+01
1.9544550397390572e+14 6.5116323384359898e-01 1.0497405604440251e+01
1.9557167925084175e+14 6.5092080649737927e-01 1.0692890347397430e+01
1.9569785452777778e+14 6.5067501127558902e-01 1.0888361498788971e+01
1.9582402980471381e+14 6.5042591834719354e-01 1.1083818827097209e+01
1.9595020508164981e+14 6.5017356106311475e-01 1.1279262072791418e+01
1.9607638035858584e+14 6.4991793770463413e-01 1.1474690949125929e+01
1.9620255563552188e+14 6.4965901444482232e-01 1.1670105144564499e+01
1.9632873091245791e+14 6.4939672926762937e-01 1.1865504326998671e+01
1.9645490618939394e+14 6.4913099654767981e-01 1.2060888149794945e+01
1.9658108146632997e+14 6.4886171197480158e-01 1.2256256259571391e+01
1.9670725674326600e+14 6.4858875751246503e-01 1.2451608305466484e+01
1.9683343202020200e+14 6.4831200610669215e-01 1.2646943949539057e+01
1.9695960729713803e+14 6.4803132591040113e-01 1.2842262877837253e+01
1.9708578257407406e+14 6.4774658385217909e-01 1.3037564811596893e+01
1.9721195785101009e+14 6.4745764845386178e-01 1.3232849517994111e+01
1.9733813312794612e+14 6.4716439188141339e-01 1.3428116819871686e+01
1.9746430840488216e+14 6.4686669129207219e-01 1.3623366603899044e+01
1.9759048368181819e+14 6.4656442961156957e-01 1.3818598826697192e+01
1.9771665895875419e+14 6.4625749593240323e-01 1.4013813518564582e+01
1.9784283423569022e+14 6.4594578576315431e-01 1.4209010784572339e+01
1.9796900951262625e+14 6.4562920137668278e-01 1.4404190802937745e+01
1.9809518478956228e+14 6.4530765249961186e-01 1.4599353820740451e+01
1.9822136006649831e+14 6.4498105755768720e-01 1.4794500147187419e+01
1.9834753534343434e+14 6.4464934564263121e-01 1.4989630144767290e+01
1.9847371062037038e+14 6.4431245930022196e-01 1.5184744218740102e+01
1.9859988589730638e+14 6.4397035816089776e-01 1.5379842805484762e+01
1.9872606117424241e+14 6.4362302334964205e-01 1.5574926360269187e+01
1.9885223645117844e+14 6.4327046252756070e-01 1.5769995345007187e+01
1.9897841172811447e+14 6.4291271533967731e-01 1.5965050216534365e+01
1.9910458700505050e+14 6.4254985897931527e-01 1.6160091415861729e+01
1.9923076228198653e+14 6.4218201353281423e-01 1.6355119358770345e+01
1.9935693755892256e+14 6.4180934674491696e-01 1.6550134427988343e+01
1.9948311283585856e+14 6.4143207784588396e-01 1.6745136967061853e+01
1.9960928811279459e+14 6.4105048010838261e-01 1.6940127275898146e+01
1.9973546338973062e+14 6.4066488185291148e-01 1.7135105607836266e+01
1.9986163866666666e+14 6.4027566569297334e-01 1.7330072167995340e+01
("out_1","mode 1",1,"out_1",1,"transmission")
(102, 3)
1.8737028625000000e+14 4.5214141137485848e-03 7.1298240977846483e-01
1.8749646152693603e+14 4.2797156658592192e-03 1.0708149106713942e+00
1.8762263680387206e+14 4.1988028035194391e-03 1.3991456895193746e+00
1.8774881208080809e+14 4.2248502373619500e-03 1.6906330629448580e+00
1.8787498735774409e+14 4.3191102272531921e-03 1.9471940835593970e+00
1.8800116263468012e+14 4.4603032485664058e-03 2.1763545600811112e+00
1.8812733791161616e+14 4.6385318410221673e-03 2.3879300509525385e+00
1.8825351318855219e+14 4.8476966194995492e-03 2.5919223118393924e+00
1.8837968846548822e+14 5.0805072433833176e-03 2.7972492844655079e+00
1.8850586374242425e+14 5.3272722392474214e-03 3.0110730545143203e+00
1.8863203901936028e+14 5.5777596678977309e-03 3.2386483657166840e+00
1.8875821429629628e+14 5.8246044296903117e-03 3.4835164747266436e+00
1.8888438957323231e+14 6.0667719827262670e-03 3.7477712560869616e+00
1.8901056485016834e+14 6.3119418746847315e-03 4.0321687329995211e+00
1.8913674012710438e+14 6.5769378569328994e-03 4.3360033789340520e+00
1.8926291540404041e+14 6.8855344233790172e-03 4.6568755935161921e+00
1.8938909068097644e+14 7.2634977696219294e-03 4.9906580321416278e+00
1.8951526595791247e+14 7.7318499334295045e-03 5.3319826743809404e+00
1.8964144123484847e+14 8.3005947407317673e-03 5.6752738240544351e+00
1.8976761651178450e+14 8.9653184022231575e-03 6.0159120740717151e+00
1.8989379178872053e+14 9.7076577311875391e-03 6.3509802523888625e+00
1.9001996706565656e+14 1.0498751459461582e-02 6.6793655154653857e+00
1.9014614234259259e+14 1.1303943760572439e-02 7.0013989431809254e+00
1.9027231761952862e+14 1.2087371300045134e-02 7.3183510103569862e+00
1.9039849289646466e+14 1.2815824536021144e-02 7.6319985722897128e+00
1.9052466817340066e+14 1.3461798337716924e-02 7.9443313818713461e+00
1.9065084345033669e+14 1.4005832037711002e-02 8.2573780724945465e+00
1.9077701872727272e+14 1.4438221037930318e-02 8.5731031087028313e+00
1.9090319400420875e+14 1.4760086964606870e-02 8.8933272442115232e+00
1.9102936928114478e+14 1.4983680456235816e-02 9.2196340871372584e+00
1.9115554455808081e+14 1.5131685264442833e-02 9.5532388014744978e+00
1.9128171983501684e+14 1.5235229683988910e-02 9.8948152601908355e+00
1.9140789511195284e+14 1.5330367056398080e-02 1.0244310314469665e+01
1.9153407038888888e+14 1.5453068874927822e-02 1.0600814769343893e+01
1.9166024566582491e+14 1.5633332358707546e-02 1.0962586953557537e+01
1.9178642094276094e+14 1.5889672426855451e-02 1.1327298295030117e+01
1.9191259621969697e+14 1.6225605533152145e-02 1.1692475823547131e+01
1.9203877149663300e+14 1.6629315996876542e-02 1.2056004566757922e+01
1.9216494677356903e+14 1.7076609434491505e-02 1.2416513923843059e+01
1.9229112205050503e+14 1.7536161828474343e-02 1.2773541212328784e+01
1.9241729732744106e+14 1.7975604442439116e-02 1.3127479854659981e+01
1.9254347260437709e+14 1.8367208809416193e-02 1.3479392407920832e+01
1.9266964788131312e+14 1.8692454998745816e-02 1.3830772163686298e+01
1.9279582315824916e+14 1.8945182546451403e-02 1.4183300480560398e+01
1.9292199843518519e+14 1.9133185293758331e-02 1.4538608622939062e+01
1.9304817371212122e+14 1.9278069685338132e-02 1.4898033798036010e+01
1.9317434898905725e+14 1.9413094061514445e-02 1.5262365857535677e+01
1.9330052426599325e+14 1.9578731323163120e-02 1.5631612823639992e+01
1.9342669954292928e+14 1.9816047379642279e-02 1.6004857914018764e+01
1.9355287481986531e+14 2.0158745457844469e-02 1.6380305462948836e+01
1.9359660086208747e+14 2.0306091820180821e-02 1.6510504437531292e+01
1.9363532405457916e+14 2.0449390996795772e-02 1.6625703896402246e+01
1.9367905009680134e+14 2.0625635190052418e-02 1.6755574481948674e+01
1.9380522537373738e+14 2.1215703157229929e-02 1.7128188534227736e+01
1.9393140065067341e+14 2.1907325986349865e-02 1.7496097433486998e+01
1.9405757592760944e+14 2.2661680821812562e-02 1.7858047636555590e+01
1.9418375120454544e+14 2.3429018606969134e-02 1.8213712164870135e+01
1.9430992648148147e+14 2.4155973389070155e-02 1.8563613851530871e+01
1.9443610175841750e+14 2.4792472250556658e-02 1.8908940266672538e+01
1.9456227703535353e+14 2.5297527470622652e-02 1.9251340655935504e+01
1.9468845231228956e+14 2.5643752320287459e-02 1.9592752433073386e+01
1.9481462758922559e+14 2.5820688252447131e-02 1.9935263284954701e+01
1.9494080286616162e+14 2.5837017399465482e-02 2.0280988006003383e+01
1.9506697814309762e+14 2.5721552251663865e-02 2.0631925544834083e+01
1.9519315342003366e+14 2.5522609993169451e-02 2.0989759429613677e+01
1.9531932869696969e+14 2.5305069958147811e-02 2.1355579143552802e+01
1.9544550397390572e+14 2.5144265517477522e-02 2.1729543801558695e+01
1.9557167925084175e+14 2.5116239880701711e-02 2.2110587812452977e+01
1.9569785452777778e+14 2.5285173486311215e-02 2.2496346482435218e+01
1.9582402980471381e+14 2.5690773703594835e-02 2.2883467408303062e+01
1.9595020508164981e+14 2.6339800651165177e-02 2.3268299770548079e+01
1.9607638035858584e+14 2.7205017180414803e-02 2.3647707280709302e+01
1.9620255563552188e+14 2.8231712475508462e-02 2.4019658576978365e+01
1.9632873091245791e+14 2.9348845998236905e-02 2.4383408809259176e+01
1.9645490618939394e+14 3.0480955466172750e-02 2.4739332046205377e+01
1.9658108146632997e+14 3.1558157614267231e-02 2.5088589549973367e+01
1.9670725674326600e+14 3.2523284054287747e-02 2.5432793404392729e+01
1.9683343202020200e+14 3.3336304353454867e-02 2.5773740337879502e+01
1.9695960729713803e+14 3.3976538467706242e-02 2.6113223262775492e+01
1.9708578257407406e+14 3.4443065874503041e-02 2.6452897349851852e+01
1.9721195785101009e+14 3.4753508627754268e-02 2.6794172989104407e+01
1.9733813312794612e+14 3.4941176501040803e-02 2.7138116900858691e+01
1.9746430840488216e+14 3.5050506351601431e-02 2.7485357905120111e+01
1.9759048368181819e+14 3.5130867297198422e-02 2.7836011741976868e+01
1.9771665895875419e+14 3.5229167906738995e-02 2.8189654690686996e+01
1.9784283423569022e+14 3.5382226844922059e-02 2.8545379581824136e+01
1.9796900951262625e+14 3.5610335190224891e-02 2.8901951349283500e+01
1.9809518478956228e+14 3.5913524397871807e-02 2.9258043910969572e+01
1.9822136006649831e+14 3.6271549941079916e-02 2.9612503676953033e+01
1.9834753534343434e+14 3.6647644526153142e-02 2.9964571690287013e+01
1.9847371062037038e+14 3.6995141308913085e-02 3.0314015907957543e+01
1.9859988589730638e+14 3.7265557401067753e-02 3.0661162818430402e+01
1.9872606117424241e+14 3.7416774076652330e-02 3.1006848687548089e+01
1.9885223645117844e+14 3.7420335425036658e-02 3.1352320738377028e+01
1.9897841172811447e+14 3.7267295834500710e-02 3.1699109312713595e+01
1.9910458700505050e+14 3.6972261886563162e-02 3.2048873798945138e+01
1.9923076228198653e+14 3.6575225731524712e-02 3.2403208334729833e+01
1.9935693755892256e+14 3.6140522752589076e-02 3.2763387491954553e+01
1.9948311283585856e+14 3.5751940850628376e-02 3.3130048616704073e+01
1.9960928811279459e+14 3.5503030317821413e-02 3.3502857042936427e+01
1.9973546338973062e+14 3.5482554317129315e-02 3.3880275847525262e+01
1.9986163866666666e+14 3.5757089670413848e-02 3.4259610840036061e+01
("out_1","mode 1",1,"out_2",1,"transmission")
(102, 3)
1.8737028625000000e+14 3.7671879075016297e-02 -1.7037419328855610e-01
1.8749646152693603e+14 3.7722879197457954e-02 1.8359197338548730e-01
1.8762263680387206e+14 3.7761360974492765e-02 5.3749583632186870e-01
1.8774881208080809e+14 3.7787450871303821e-02 8.9134076528291628e-01
1.8787498735774409e+14 3.7801295741065562e-02 1.2451303394889475e+00
1.8800116263468012e+14 3.7803068803691567e-02 1.5988682460170125e+00
1.8812733791161616e+14 3.7792975449003056e-02 1.9525581723044265e+00
1.8825351318855219e+14 3.7771258224478271e-02 2.3062036920676769e+00
1.8837968846548822e+14 3.7738200431758372e-02 2.6598081407119580e+00
1.8850586374242425e+14 3.7694127893165515e-02 3.0133744748239515e+00
1.8863203901936028e+14 3.7639408632841952e-02 3.3669051109252854e+00
1.8875821429629628e+14 3.7574450414891478e-02 3.7204017412388839e+00
1.8888438957323231e+14 3.7499696262446196e-02 4.0738651283349050e+00
1.8901056485016834e+14 3.7415618222739123e-02 4.4272948854553986e+00
1.8913674012710438e+14 3.7322709730078979e-02 4.7806892541803165e+00
1.8926291540404041e+14 3.7221476948944128e-02 5.1340448949957347e+00
1.8938909068097644e+14 3.7112429461866089e-02 5.4873567085077042e+00
1.8951526595791247e+14 3.6996070618106197e-02 5.8406177050261681e+00
1.8964144123484847e+14 3.6872887799888281e-02 6.1938189378806578e+00
1.8976761651178450e+14 3.6743342812774749e-02 6.5469495113397409e+00
1.8989379178872053e+14 3.6607862580547289e-02 6.8999966679493809e+00
1.9001996706565656e+14 3.6466830329420885e-02 7.2529459532778136e+00
1.9014614234259259e+14 3.6320577479371258e-02 7.6057814493674751e+00
1.9027231761952862e+14 3.6169376511078960e-02 7.9584860625357123e+00
1.9039849289646466e+14 3.6013435128729870e-02 8.3110418472647432e+00
1.9052466817340066e+14 3.5852892072447823e-02 8.6634303462176430e+00
1.9065084345033669e+14 3.5687814931802959e-02 9.0156329270352860e+00
1.9077701872727272e+14 3.5518200261422855e-02 9.3676310992547140e+00
1.9090319400420875e+14 3.5343976197169009e-02 9.7194067989303434e+00
1.9102936928114478e+14 3.5165007622227261e-02 1.0070942633570780e+01
1.9115554455808081e+14 3.4981103751586522e-02 1.0422222085035294e+01
1.9128171983501684e+14 3.4792027812865875e-02 1.0773229672283701e+01
1.9140789511195284e+14 3.4597508327245466e-02 1.1123951078779562e+01
1.9153407038888888e+14 3.4397251362264195e-02 1.1474373250598633e+01
1.9166024566582491e+14 3.4190953059704064e-02 1.1824484470884061e+01
1.9178642094276094e+14 3.3978311749613826e-02 1.2174274414543660e+01
1.9191259621969697e+14 3.3759039047791824e-02 1.2523734184509912e+01
1.9203877149663300e+14 3.3532869488721084e-02 1.2872856328179864e+01
1.9216494677356903e+14 3.3299568448105936e-02 1.3221634830468226e+01
1.9229112205050503e+14 3.3058938329830666e-02 1.3570065078808863e+01
1.9241729732744106e+14 3.2810823198558728e-02 1.3918143795755386e+01
1.9254347260437709e+14 3.2555112200208874e-02 1.4265868936586296e+01
1.9266964788131312e+14 3.2291742203618121e-02 1.4613239552279111e+01
1.9279582315824916e+14 3.2020700104359978e-02 1.4960255621842332e+01
1.9292199843518519e+14 3.1742025155716926e-02 1.5306917861636604e+01
1.9304817371212122e+14 3.1455811545960596e-02 1.5653227522238545e+01
1.9317434898905725e+14 3.1162211250761546e-02 1.5999186184991242e+01
1.9330052426599325e+14 3.0861436988164372e-02 1.6344795570230932e+01
1.9342669954292928e+14 3.0553764926992046e-02 1.6690057367154441e+01
1.9355287481986531e+14 3.0239536680343657e-02 1.7034973091629141e+01
1.9359660086208747e+14 3.0129183632572085e-02 1.7154423123952213e+01
1.9363532405457916e+14 3.0030854569057634e-02 1.7260171917579303e+01
1.9367905009680134e+14 2.9919160077699413e-02 1.7379543973481379e+01
1.9380522537373738e+14 2.9593108262719860e-02 1.7723770869711554e+01
1.9393140065067341e+14 2.9261916804545429e-02 1.8067654195575081e+01
1.9405757592760944e+14 2.8926178719091571e-02 1.8411193862410048e+01
1.9418375120454544e+14 2.8586537542279307e-02 1.8754389210164771e+01
1.9430992648148147e+14 2.8243678841475751e-02 1.9097238924135379e+01
1.9443610175841750e+14 2.7898320755969354e-02 1.9439740929423294e+01
1.9456227703535353e+14 2.7551204289195694e-02 1.9781892262588702e+01
1.9468845231228956e+14 2.7203084112710819e-02 2.0123688927051742e+01
1.9481462758922559e+14 2.6854720577231466e-02 2.0465125745864732e+01
1.9494080286616162e+14 2.6506873467496504e-02 2.0806196231333349e+01
1.9506697814309762e+14 2.6160297807602647e-02 2.1146892494471587e+01
1.9519315342003366e+14 2.5815741754754033e-02 2.1487205217595701e+01
1.9531932869696969e+14 2.5473946350542547e-02 2.1827123710057716e+01
1.9544550397390572e+14 2.5135646668301152e-02 2.2166636060321899e+01
1.9557167925084175e+14 2.4801573735158448e-02 2.2505729387934977e+01
1.9569785452777778e+14 2.4472456539874583e-02 2.2844390187619087e+01
1.9582402980471381e+14 2.4149023470214998e-02 2.3182604746229991e+01
1.9595020508164981e+14 2.3832002649047869e-02 2.3520359603357360e+01
1.9607638035858584e+14 2.3522120835542767e-02 2.3857642019492101e+01
1.9620255563552188e+14 2.3220100794899064e-02 2.4194440413176125e+01
1.9632873091245791e+14 2.2926657280060738e-02 2.4530744731097588e+01
1.9645490618939394e+14 2.2642491975265740e-02 2.4866546722672528e+01
1.9658108146632997e+14 2.2368287893811324e-02 2.5201840102550058e+01
1.9670725674326600e+14 2.2104703781559151e-02 2.5536620599276361e+01
1.9683343202020200e+14 2.1852369047213608e-02 2.5870885904174390e+01
1.9695960729713803e+14 2.1611879627672723e-02 2.6204635549201321e+01
1.9708578257407406e+14 2.1383795021169848e-02 2.6537870754018584e+01
1.9721195785101009e+14 2.1168636510529432e-02 2.6870594288985448e+01
1.9733813312794612e+14 2.0966886386247729e-02 2.7202810401035386e+01
1.9746430840488216e+14 2.0778987796814200e-02 2.7534524843001346e+01
1.9759048368181819e+14 2.0605344729971872e-02 2.7865745034334381e+01
1.9771665895875419e+14 2.0446321583643408e-02 2.8196480363631071e+01
1.9784283423569022e+14 2.0302241828609326e-02 2.8526742623010620e+01
1.9796900951262625e+14 2.0173385393966209e-02 2.8856546543718625e+01
1.9809518478956228e+14 2.0059984606415740e-02 2.9185910384174882e+01
1.9822136006649831e+14 1.9962218760549249e-02 2.9514856508557042e+01
1.9834753534343434e+14 1.9880207657685733e-02 2.9843411887937055e+01
1.9847371062037038e+14 1.9814004690752222e-02 3.0171608458040918e+01
1.9859988589730638e+14 1.9763590239180895e-02 3.0499483277919449e+01
1.9872606117424241e+14 1.9728866243803603e-02 3.0827078451131069e+01
1.9885223645117844e+14 1.9709652838957079e-02 3.1154440793398351e+01
1.9897841172811447e+14 1.9705687820136767e-02 3.1481621255412431e+01
1.9910458700505050e+14 1.9716629524320656e-02 3.1808674133463370e+01
1.9923076228198653e+14 1.9742063411372034e-02 3.2135656120932531e+01
1.9935693755892256e+14 1.9781512283471685e-02 3.2462625267873477e+01
1.9948311283585856e+14 1.9834449698622039e-02 3.2789639922220694e+01
1.9960928811279459e+14 1.9900315763765705e-02 3.3116757723863209e+01
1.9973546338973062e+14 1.9978534176080875e-02 3.3444034712292449e+01
1.9986163866666666e+14 2.0068529160101954e-02 3.3771524591250518e+01
("out_2","mode 1",1,"in",1,"transmission")
(102, 3)
1.8737028625000000e+14 6.5720301862801733e-01 -2.0435996052687964e+00
1.8749646152693603e+14 6.5720452555841347e-01 -1.8471974810229561e+00
1.8762263680387206e+14 6.5720315743405366e-01 -1.6508050294779082e+00
1.8774881208080809e+14 6.5719895096403991e-01 -1.4544223258635440e+00
1.8787498735774409e+14 6.5719197033458199e-01 -1.2580495064754251e+00
1.8800116263468012e+14 6.5718230691175117e-01 -1.0616867640797398e+00
1.8812733791161616e+14 6.5717007775424796e-01 -8.6533434138262533e-01
1.8825351318855219e+14 6.5715542282019590e-01 -6.6899252308066071e-01
1.8837968846548822e+14 6.5713850084500847e-01 -4.7266162706978870e-01
1.8850586374242425e+14 6.5711948396543285e-01 -2.7634199540969828e-01
1.8863203901936028e+14 6.5709855125995342e-01 -8.0033985619437670e-02
1.8875821429629628e+14 6.5707588146204254e-01 1.1626203718287668e-01
1.8888438957323231e+14 6.5705164517257419e-01 3.1254570687691369e-01
1.8901056485016834e+14 6.5702599694728914e-01 5.0881666137682979e-01
1.8913674012710438e+14 6.5699906765963878e-01 7.0507454595185792e-01
1.8926291540404041e+14 6.5697095753750190e-01 9.0131901482158117e-01
1.8938909068097644e+14 6.5694173024368530e-01 1.0975497311612790e+00
1.8951526595791247e+14 6.5691140831671146e-01 1.2937663657817158e+00
1.8964144123484847e+14 6.5687997021377009e-01 1.4899685948569938e+00
1.8976761651178450e+14 6.5684734910683240e-01 1.6861560971484391e+00
1.8989379178872053e+14 6.5681343348177301e-01 1.8823285512129484e+00
1.9001996706565656e+14 6.5677806948631001e-01 2.0784856330855845e+00
1.9014614234259259e+14 6.5674106487191919e-01 2.2746270148883290e+00
1.9027231761952862e+14 6.5670219428518373e-01 2.4707523647420881e+00
1.9039849289646466e+14 6.5666120559074204e-01 2.6668613482554449e+00
1.9052466817340066e+14 6.5661782685629966e-01 2.8629536317346913e+00
1.9065084345033669e+14 6.5657177360346219e-01 3.0590288871207219e+00
1.9077701872727272e+14 6.5652275592763232e-01 3.2550867985107548e+00
1.9090319400420875e+14 6.5647048511639550e-01 3.4511270699891354e+00
1.9102936928114478e+14 6.5641467944571230e-01 3.6471494343678761e+00
1.9115554455808081e+14 6.5635506890409179e-01 3.8431536623472886e+00
1.9128171983501684e+14 6.5629139868042763e-01 4.0391395715445295e+00
1.9140789511195284e+14 6.5622343134617755e-01 4.2351070348149857e+00
1.9153407038888888e+14 6.5615094775934935e-01 4.4310559873113062e+00
1.9166024566582491e+14 6.5607374680989450e-01 4.6269864317769400e+00
1.9178642094276094e+14 6.5599164420674405e-01 4.8228984416669913e+00
1.9191259621969697e+14 6.5590447057041301e-01 5.0187921618054254e+00
1.9203877149663300e+14 6.5581206913705470e-01 5.2146678064328658e+00
1.9216494677356903e+14 6.5571429339778553e-01 5.4105256546498053e+00
1.9229112205050503e+14 6.5561100498924862e-01 5.6063660434135043e+00
1.9241729732744106e+14 6.5550207211940292e-01 5.8021893583929689e+00
1.9254347260437709e+14 6.5538736875798009e-01 5.9979960231072607e+00
1.9266964788131312e+14 6.5526677474925732e-01 6.1937864868729076e+00
1.9279582315824916e+14 6.5514017691999826e-01 6.3895612121444056e+00
1.9292199843518519e+14 6.5500747116502844e-01 6.5853206618595301e+00
1.9304817371212122e+14 6.5486856540282201e-01 6.7810652873833179e+00
1.9317434898905725e+14 6.5472338321111878e-01 6.9767955175913086e+00
1.9330052426599325e+14 6.5457186788342003e-01 7.1725117495467714e+00
1.9342669954292928e+14 6.5441398659713257e-01 7.3682143411101739e+00
1.9355287481986531e+14 6.5424973435637035e-01 7.5639036056854705e+00
1.9359660086208747e+14 6.5419133004638408e-01 7.6317166607972755e+00
1.9363532405457916e+14 6.5413897313900460e-01 7.6917696851279151e+00
1.9367905009680134e+14 6.5407913736964007e-01 7.7595798091654471e+00
1.9380522537373738e+14 6.5390225554493964e-01 7.9552431689951746e+00
1.9393140065067341e+14 6.5371918383101202e-01 8.1508938551412911e+00
1.9405757592760944e+14 6.5353005220027993e-01 8.3465319926426105e+00
1.9418375120454544e+14 6.5333502415188771e-01 8.5421576653357452e+00
1.9430992648148147e+14 6.5313429370637277e-01 8.7377709202973968e+00
1.9443610175841750e+14 6.5292808096007937e-01 8.9333717725314479e+00
1.9456227703535353e+14 6.5271662636133398e-01 9.1289602094527282e+00
1.9468845231228956e+14 6.5250018395385323e-01 9.3245361947759804e+00
1.9481462758922559e+14 6.5227901390141507e-01 9.5200996715057116e+00
1.9494080286616162e+14 6.5205337465542579e-01 9.7156505638322361e+00
1.9506697814309762e+14 6.5182351515132464e-01 9.9111887778616516e+00
1.9519315342003366e+14 6.5158966741862645e-01 1.0106714201236830e+01
1.9531932869696969e+14 6.5135203996339930e-01 1.0302226701825075e+01
1.9544550397390572e+14 6.5111081223281120e-01 1.0497726125757628e+01
1.9557167925084175e+14 6.5086613040294383e-01 1.0693212295185043e+01
1.9569785452777778e+14 6.5061810464815750e-01 1.0888685006168116e+01
1.9582402980471381e+14 6.5036680795883173e-01 1.1084144027139288e+01
1.9595020508164981e+14 6.5011227648101977e-01 1.1279589098350829e+01
1.9607638035858584e+14 6.4985451126259253e-01 1.1475019932674325e+01
1.9620255563552188e+14 6.4959348121259897e-01 1.1670436218026639e+01
1.9632873091245791e+14 6.4932912701847956e-01 1.1865837621590066e+01
1.9645490618939394e+14 6.4906136572419038e-01 1.2061223795861407e+01
1.9658108146632997e+14 6.4879009565328238e-01 1.2256594386430573e+01
1.9670725674326600e+14 6.4851520136613205e-01 1.2451949041251426e+01
1.9683343202020200e+14 6.4823655836790439e-01 1.2647287421043677e+01
1.9695960729713803e+14 6.4795403733222401e-01 1.2842609210363678e+01
1.9708578257407406e+14 6.4766750766956305e-01 1.3037914128804482e+01
1.9721195785101009e+14 6.4737684034470899e-01 1.3233201941749924e+01
1.9733813312794612e+14 6.4708190992779235e-01 1.3428472470102145e+01
1.9746430840488216e+14 6.4678259594179954e-01 1.3623725598442476e+01
1.9759048368181819e+14 6.4647878364032330e-01 1.3818961281156906e+01
1.9771665895875419e+14 6.4617036440646314e-01 1.4014179546162103e+01
1.9784283423569022e+14 6.4585723600277634e-01 1.4209380496000414e+01
1.9796900951262625e+14 6.4553930292002615e-01 1.4404564306212755e+01
1.9809518478956228e+14 6.4521647706702878e-01 1.4599731221053808e+01
1.9822136006649831e+14 6.4488867901609226e-01 1.4794881546755635e+01
1.9834753534343434e+14 6.4455583996956922e-01 1.4990015642680358e+01
1.9847371062037038e+14 6.4421790454717565e-01 1.5185133910807957e+01
1.9859988589730638e+14 6.4387483441530335e-01 1.5380236784081587e+01
1.9872606117424241e+14 6.4352661269504619e-01 1.5575324714175444e+01
1.9885223645117844e+14 6.4317324900132067e-01 1.5770398159249350e+01
1.9897841172811447e+14 6.4281478488762034e-01 1.5965457572222393e+01
1.9910458700505050e+14 6.4245129940679135e-01 1.6160503390024466e+01
1.9923076228198653e+14 6.4208291445163346e-01 1.6355536024189153e+01
1.9935693755892256e+14 6.4170979951572504e-01 1.6550555853029358e+01
1.9948311283585856e+14 6.4133217551561728e-01 1.6745563215507470e+01
1.9960928811279459e+14 6.4095031734253194e-01 1.6940558406778337e+01
1.9973546338973062e+14 6.4056455486241737e-01 1.7135541675260644e+01
1.9986163866666666e+14 6.4017527215566705e-01 1.7330513220986820e+01
("out_2","mode 1",1,"out_1",1,"transmission")
(102, 3)
1.8737028625000000e+14 3.7672027454137010e-02 -1.7037219152398264e-01
1.8749646152693603e+14 3.7723028133702895e-02 1.8359346646850516e-01
1.8762263680387206e+14 3.7761506163162234e-02 5.3749678138114476e-01
1.8774881208080809e+14 3.7787588363757459e-02 8.9134113952856941e-01
1.8787498735774409e+14 3.7801422051998615e-02 1.2451301370928887e+00
1.8800116263468012e+14 3.7803180995064509e-02 1.5988674779943284e+00
1.8812733791161616e+14 3.7793071189288804e-02 1.9525568658775174e+00
1.8825351318855219e+14 3.7771335822833291e-02 2.3062018895409260e+00
1.8837968846548822e+14 3.7738258847611270e-02 2.6598058978995285e+00
1.8850586374242425e+14 3.7694166722544997e-02 3.0133718590857788e+00
1.8863203901936028e+14 3.7639428073518950e-02 3.3669021988764540e+00
1.8875821429629628e+14 3.7574451213075240e-02 3.7203986162056388e+00
1.8888438957323231e+14 3.7499679644329494e-02 4.0738618776368387e+00
1.8901056485016834e+14 3.7415585814610054e-02 4.4272915975982228e+00
1.8913674012710438e+14 3.7322663470982433e-02 4.7806860160471523e+00
1.8926291540404041e+14 3.7221418999962043e-02 5.1340417891269263e+00
1.8938909068097644e+14 3.7112362115979701e-02 5.4873538105593935e+00
1.8951526595791247e+14 3.6995996214300782e-02 5.8406150814956383e+00
1.8964144123484847e+14 3.6872808644673981e-02 6.1938166441809530e+00
1.8976761651178450e+14 3.6743261111654470e-02 6.5469475902966714e+00
1.8989379178872053e+14 3.6607780381206066e-02 6.8999951487802464e+00
1.9001996706565656e+14 3.6466749477599224e-02 7.2529448510928791e+00
1.9014614234259259e+14 3.6320499587578513e-02 7.6057807652130434e+00
1.9027231761952862e+14 3.6169302939569145e-02 7.9584857839724563e+00
1.9039849289646466e+14 3.6013366977555250e-02 8.3110419494485708e+00
1.9052466817340066e+14 3.5852830182968753e-02 8.6634307934245953e+00
1.9065084345033669e+14 3.5687759895787673e-02 9.0156336745490879e+00
1.9077701872727272e+14 3.5518152435819690e-02 9.3676320955176475e+00
1.9090319400420875e+14 3.5343935722750471e-02 9.7194079878466066e+00
1.9102936928114478e+14 3.5164974444555866e-02 1.0070943956847668e+01
1.9115554455808081e+14 3.4981077643079575e-02 1.0422223484451507e+01
1.9128171983501684e+14 3.4792008395088087e-02 1.0773231091785346e+01
1.9140789511195284e+14 3.4597495092882263e-02 1.1123952466321711e+01
1.9153407038888888e+14 3.4397243696483761e-02 1.1474374559671732e+01
1.9166024566582491e+14 3.4190950260779618e-02 1.1824485661687888e+01
1.9178642094276094e+14 3.3978313048746135e-02 1.2174275454794579e+01
1.9191259621969697e+14 3.3759043628059475e-02 1.2523735049887872e+01
1.9203877149663300e+14 3.3532876503021093e-02 1.2872857002438431e+01
1.9216494677356903e+14 3.3299577035872836e-02 1.3221635305242874e+01
1.9229112205050503e+14 3.3058947632270894e-02 1.3570065353165674e+01
1.9241729732744106e+14 3.2810832372147200e-02 1.3918143875524860e+01
1.9254347260437709e+14 3.2555120428278926e-02 1.4265868833525959e+01
1.9266964788131312e+14 3.2291748706034802e-02 1.4613239283105765e+01
1.9279582315824916e+14 3.2020704145479015e-02 1.4960255207171507e+01
1.9292199843518519e+14 3.1742026051058095e-02 1.5306917324864356e+01
1.9304817371212122e+14 3.1455808668220071e-02 1.5653226888400150e+01
1.9317434898905725e+14 3.1162204035900056e-02 1.5999185479632754e+01
1.9330052426599325e+14 3.0861424942301950e-02 1.6344794818332652e+01
1.9342669954292928e+14 3.0553747634687146e-02 1.6690056592149027e+01
1.9355287481986531e+14 3.0239513814542450e-02 1.7034972314559813e+01
1.9359660086208747e+14 3.0129158776828729e-02 1.7154422350536951e+01
1.9363532405457916e+14 3.0030827931788653e-02 1.7260171149094749e+01
1.9367905009680134e+14 2.9919131411232168e-02 1.7379543212346015e+01
1.9380522537373738e+14 2.9593073680751033e-02 1.7723770139034560e+01
1.9393140065067341e+14 2.9261876316920815e-02 1.8067653506240184e+01
1.9405757592760944e+14 2.8926132471141720e-02 1.8411193221772798e+01
1.9418375120454544e+14 2.8586485822410464e-02 1.8754388622444459e+01
1.9430992648148147e+14 2.8243622083852542e-02 1.9097238391063581e+01
1.9443610175841750e+14 2.7898259536801199e-02 1.9439740451102626e+01
1.9456227703535353e+14 2.7551139315570718e-02 1.9781891838493202e+01
1.9468845231228956e+14 2.7203016203540997e-02 2.0123688557082758e+01
1.9481462758922559e+14 2.6854650636616191e-02 2.0465125431365522e+01
1.9494080286616162e+14 2.6506802451590376e-02 2.0806195975964204e+01
1.9506697814309762e+14 2.6160226686795983e-02 2.1146892304855900e+01
1.9519315342003366e+14 2.5815671473549268e-02 2.1487205103666124e+01
1.9531932869696969e+14 2.5473877787860623e-02 2.1827123685058758e+01
1.9544550397390572e+14 2.5135580601030584e-02 2.2166636140458714e+01
1.9557167925084175e+14 2.4801510807546411e-02 2.2505729591693893e+01
1.9569785452777778e+14 2.4472397240874924e-02 2.2844390534819656e+01
1.9582402980471381e+14 2.4148968120205630e-02 2.3182605256896952e+01
1.9595020508164981e+14 2.3831951396491774e-02 2.3520360296520032e+01
1.9607638035858584e+14 2.3522073663296200e-02 2.3857642912026023e+01
1.9620255563552188e+14 2.3220057535070743e-02 2.4194441518795955e+01
1.9632873091245791e+14 2.2926617635691947e-02 2.4530746059591984e+01
1.9645490618939394e+14 2.2642455546703983e-02 2.4866548279443116e+01
1.9658108146632997e+14 2.2368254207523090e-02 2.5201841888481241e+01
1.9670725674326600e+14 2.2104672319268857e-02 2.5536622610925189e+01
1.9683343202020200e+14 2.1852339273625562e-02 2.5870888134234576e+01
1.9695960729713803e+14 2.1611851015563344e-02 2.6204637987167352e+01
1.9708578257407406e+14 2.1383767073242209e-02 2.6537873386958090e+01
1.9721195785101009e+14 2.1168608778010158e-02 2.6870597102322588e+01
1.9733813312794612e+14 2.0966858484694057e-02 2.7202813379255439e+01
1.9746430840488216e+14 2.0778959419921045e-02 2.7534527970205751e+01
1.9759048368181819e+14 2.0605315662282797e-02 2.7865748294602987e+01
1.9771665895875419e+14 2.0446291712966674e-02 2.8196483741180714e+01
1.9784283423569022e+14 2.0302211158637874e-02 2.8526746102171202e+01
1.9796900951262625e+14 2.0173354057145838e-02 2.8856550108775266e+01
1.9809518478956228e+14 2.0059952876564861e-02 2.9185914019143183e+01
1.9822136006649831e+14 1.9962187064186444e-02 2.9514860196965188e+01
1.9834753534343434e+14 1.9880176582548530e-02 2.9843415612682588e+01
1.9847371062037038e+14 1.9813974989665910e-02 3.0171612201371786e+01
1.9859988589730638e+14 1.9763562827316738e-02 3.0499487021561610e+01
1.9872606117424241e+14 1.9728842187487890e-02 3.0827082176551894e+01
1.9885223645117844e+14 1.9709633334565598e-02 3.1154444482162045e+01
1.9897841172811447e+14 1.9705674162218516e-02 3.1481624889555178e+01
1.9910458700505050e+14 1.9716623062900226e-02 3.1808677695797510e+01
1.9923076228198653e+14 1.9742065499317570e-02 3.2135659595183974e+01
1.9935693755892256e+14 1.9781524215803762e-02 3.2462628638566947e+01
1.9948311283585856e+14 1.9834472646579188e-02 3.2789643174253875e+01
1.9960928811279459e+14 1.9900350707229893e-02 3.3116760841750306e+01
1.9973546338973062e+14 1.9978581838499945e-02 3.3444037679107026e+01
1.9986163866666666e+14 2.0068589950239059e-02 3.3771527387349586e+01
("out_2","mode 1",1,"out_2",1,"transmission")
(102, 3)
1.8737028625000000e+14 4.1054355728523438e-03 7.1780025272345060e-01
1.8749646152693603e+14 3.8723533291081936e-03 1.0925784761632042e+00
1.8762263680387206e+14 3.8064748139170577e-03 1.4347216166099106e+00
1.8774881208080809e+14 3.8472812278668605e-03 1.7350051732277414e+00
1.8787498735774409e+14 3.9519971385319173e-03 1.9957710132552207e+00
1.8800116263468012e+14 4.0985714031395309e-03 2.2258529455586462e+00
1.8812733791161616e+14 4.2783656142887832e-03 2.4364036855118161e+00
1.8825351318855219e+14 4.4872887974614214e-03 2.6385558868163193e+00
1.8837968846548822e+14 4.7200229963296073e-03 2.8421073513339588e+00
1.8850586374242425e+14 4.9685301758513418e-03 3.0548269319079222e+00
1.8863203901936028e+14 5.2239753846240761e-03 3.2823048820318945e+00
1.8875821429629628e+14 5.4803309801677242e-03 3.5281757976369215e+00
1.8888438957323231e+14 5.7379850342906052e-03 3.7944135038158500e+00
1.8901056485016834e+14 6.0060892076994844e-03 4.0814489179642148e+00
1.8913674012710438e+14 6.3027042199210251e-03 4.3880528271110677e+00
1.8926291540404041e+14 6.6521045757775071e-03 4.7111639018813349e+00
1.8938909068097644e+14 7.0793159270519154e-03 5.0460169654577554e+00
1.8951526595791247e+14 7.6032431907806647e-03 5.3868540337536484e+00
1.8964144123484847e+14 8.2308633942527500e-03 5.7281024433936016e+00
1.8976761651178450e+14 8.9546902921957584e-03 6.0654915765118114e+00
1.8989379178872053e+14 9.7539934482726836e-03 6.3966049316444993e+00
1.9001996706565656e+14 1.0598545387402496e-02 6.7207882121232396e+00
1.9014614234259259e+14 1.1453204714948807e-02 7.0386890514755036e+00
1.9027231761952862e+14 1.2282196945609041e-02 7.3517427369045159e+00
1.9039849289646466e+14 1.3052670431463657e-02 7.6617731471867270e+00
1.9052466817340066e+14 1.3737515906481026e-02 7.9707398502792675e+00
1.9065084345033669e+14 1.4317548819755561e-02 8.2805956711913122e+00
1.9077701872727272e+14 1.4783111198311197e-02 8.5932045798827001e+00
1.9090319400420875e+14 1.5135058304509882e-02 8.9102764290431136e+00
1.9102936928114478e+14 1.5384997613494255e-02 9.2332864051943471e+00
1.9115554455808081e+14 1.5554562178203526e-02 9.5633598627453473e+00
1.9128171983501684e+14 1.5673458128807959e-02 9.9011212079263569e+00
1.9140789511195284e+14 1.5776092029275317e-02 1.0246532994964575e+01
1.9153407038888888e+14 1.5896846168373020e-02 1.0598785174545315e+01
1.9166024566582491e+14 1.6064563816724484e-02 1.0956315656586273e+01
1.9178642094276094e+14 1.6297386623756089e-02 1.1317021816579365e+01
1.9191259621969697e+14 1.6599385576356439e-02 1.1678645768996859e+01
1.9203877149663300e+14 1.6960087568890909e-02 1.2039222485416039e+01
1.9216494677356903e+14 1.7357070074504582e-02 1.2397441129529895e+01
1.9229112205050503e+14 1.7760809067079067e-02 1.2752819626619896e+01
1.9241729732744106e+14 1.8140480252120152e-02 1.3105686401966988e+01
1.9254347260437709e+14 1.8469541328061317e-02 1.3457030320810953e+01
1.9266964788131312e+14 1.8730357050356725e-02 1.3808290239088722e+01
1.9279582315824916e+14 1.8917512367574964e-02 1.4161127697736655e+01
1.9292199843518519e+14 1.9039624014806380e-02 1.4517192088111329e+01
1.9304817371212122e+14 1.9119425908059991e-02 1.4877868344744241e+01
1.9317434898905725e+14 1.9191791443931565e-02 1.5244002665327391e+01
1.9330052426599325e+14 1.9299355791888590e-02 1.5615634877774468e+01
1.9342669954292928e+14 1.9485741824062441e-02 1.5991817480174021e+01
1.9355287481986531e+14 1.9787205427251042e-02 1.6370636085561699e+01
1.9359660086208747e+14 1.9922916693849092e-02 1.6502069700513644e+01
1.9363532405457916e+14 2.0057139664975826e-02 1.6618378330767342e+01
1.9367905009680134e+14 2.0224559629142963e-02 1.6749510025368551e+01
1.9380522537373738e+14 2.0797789239613444e-02 1.7125726776596697e+01
1.9393140065067341e+14 2.1485125353811370e-02 1.7497025183188718e+01
1.9405757592760944e+14 2.2246682643911646e-02 1.7862012022546725e+01
1.9418375120454544e+14 2.3031171064468791e-02 1.8220304342688589e+01
1.9430992648148147e+14 2.3783640470965307e-02 1.8572436355430220e+01
1.9443610175841750e+14 2.4452687534057091e-02 1.8919645959961578e+01
1.9456227703535353e+14 2.4996380974084173e-02 1.9263644938044788e+01
1.9468845231228956e+14 2.5386782337089978e-02 1.9606425775653356e+01
1.9481462758922559e+14 2.5613193505447707e-02 1.9950110632804869e+01
1.9494080286616162e+14 2.5684229248152619e-02 2.0296819100593527e+01
1.9506697814309762e+14 2.5628609813928407e-02 2.0648518684444699e+01
1.9519315342003366e+14 2.5494276390999659e-02 2.1006822316794782e+01
1.9531932869696969e+14 2.5345142415930506e-02 2.1372715179703587e+01
1.9544550397390572e+14 2.5254703088023401e-02 2.1746239291656210e+01
1.9557167925084175e+14 2.5296182904209718e-02 2.2126239202983722e+01
1.9569785452777778e+14 2.5530208452863076e-02 2.2510336880867666e+01
1.9582402980471381e+14 2.5992848961773323e-02 2.2895274397450287e+01
1.9595020508164981e+14 2.6687972622688256e-02 2.3277589151443504e+01
1.9607638035858584e+14 2.7586789647431623e-02 2.3654369117395078e+01
1.9620255563552188e+14 2.8634449312103540e-02 2.4023776831770782e+01
1.9632873091245791e+14 2.9760805050588555e-02 2.4385191930011690e+01
1.9645490618939394e+14 3.0891781700323539e-02 2.4739040798760357e+01
1.9658108146632997e+14 3.1958926447476013e-02 2.5086484350912151e+01
1.9670725674326600e+14 3.2906282138904633e-02 2.5429106022715150e+01
1.9683343202020200e+14 3.3694715400528000e-02 2.5768665231330413e+01
1.9695960729713803e+14 3.4304145219449807e-02 2.6106921747265410e+01
1.9708578257407406e+14 3.4734032343949783e-02 2.6445509200399876e+01
1.9721195785101009e+14 3.5002279704055769e-02 2.6785831891432192e+01
1.9733813312794612e+14 3.5142517625705742e-02 2.7128967116133150e+01
1.9746430840488216e+14 3.5199691797867798e-02 2.7475569391273972e+01
1.9759048368181819e+14 3.5224000791147049e-02 2.7825790278649919e+01
1.9771665895875419e+14 3.5263580661670915e-02 2.8179243295646664e+01
1.9784283423569022e+14 3.5356856422523265e-02 2.8535048884147471e+01
1.9796900951262625e+14 3.5525969190990908e-02 2.8891980047813988e+01
1.9809518478956228e+14 3.5772820434442715e-02 2.9248694698721525e+01
1.9822136006649831e+14 3.6078816933442288e-02 2.9604002381729266e+01
1.9834753534343434e+14 3.6408454996863168e-02 2.9957096006696332e+01
1.9847371062037038e+14 3.6715894669785094e-02 3.0307695816556095e+01
1.9859988589730638e+14 3.6953110312240856e-02 3.0656090386325200e+01
1.9872606117424241e+14 3.7078211389381499e-02 3.1003092609108275e+01
1.9885223645117844e+14 3.7062903999361838e-02 3.1349940872389549e+01
1.9897841172811447e+14 3.6898483372512468e-02 3.1698167408464666e+01
1.9910458700505050e+14 3.6599975410303708e-02 3.2049437385800516e+01
1.9923076228198653e+14 3.6207999632369293e-02 3.2405345003711254e+01
1.9935693755892256e+14 3.5787654906361224e-02 3.2767147193784098e+01
1.9948311283585856e+14 3.5423421137953465e-02 3.3135433783059248e+01
1.9960928811279459e+14 3.5209120072070284e-02 3.3509786103745640e+01
1.9973546338973062e+14 3.5232954011186986e-02 3.3888554393683592e+01
1.9986163866666666e+14 3.5559827113302758e-02 3.4268929811133454e+01
